Frecuencia (Hz)	Nivel (dB)
43,066406	-7,559704
86,132813	-9,210448
129,199219	-11,217325
172,265625	-12,547726
215,332031	-13,552331
258,398438	-14,362918
301,464844	-15,043518
344,531250	-15,630610
387,597656	-16,146997
430,664063	-16,608040
473,730469	-17,024521
516,796875	-17,404354
559,863281	-17,753481
602,929688	-18,076521
645,996094	-18,377110
689,062500	-18,658186
732,128906	-18,922127
775,195313	-19,170906
818,261719	-19,406181
861,328125	-19,629335
904,394531	-19,841572
947,460938	-20,043894
990,527344	-20,237204
1033,593750	-20,422260
1076,660156	-20,599747
1119,726563	-20,770256
1162,792969	-20,934315
1205,859375	-21,092400
1248,925781	-21,244925
1291,992188	-21,392271
1335,058594	-21,534775
1378,125000	-21,672754
1421,191406	-21,806475
1464,257813	-21,936205
1507,324219	-22,062166
1550,390625	-22,184574
1593,457031	-22,303627
1636,523438	-22,419502
1679,589844	-22,532362
1722,656250	-22,642363
1765,722656	-22,749645
1808,789063	-22,854342
1851,855469	-22,956570
1894,921875	-23,056446
1937,988281	-23,154079
1981,054688	-23,249563
2024,121094	-23,342993
2067,187500	-23,434452
2110,253906	-23,524027
2153,320313	-23,611790
2196,386719	-23,697815
2239,453125	-23,782167
2282,519531	-23,864912
2325,585938	-23,946112
2368,652344	-24,025818
2411,718750	-24,104088
2454,785156	-24,180971
2497,851563	-24,256519
2540,917969	-24,330774
2583,984375	-24,403780
2627,050781	-24,475578
2670,117188	-24,546209
2713,183594	-24,615711
2756,250000	-24,684116
2799,316406	-24,751461
2842,382813	-24,817778
2885,449219	-24,883095
2928,515625	-24,947445
2971,582031	-25,010857
3014,648438	-25,073355
3057,714844	-25,134968
3100,781250	-25,195715
3143,847656	-25,255629
3186,914063	-25,314722
3229,980469	-25,373024
3273,046875	-25,430555
3316,113281	-25,487333
3359,179688	-25,543379
3402,246094	-25,598709
3445,312500	-25,653343
3488,378906	-25,707300
3531,445313	-25,760593
3574,511719	-25,813240
3617,578125	-25,865259
3660,644531	-25,916658
3703,710938	-25,967459
3746,777344	-26,017672
3789,843750	-26,067310
3832,910156	-26,116388
3875,976563	-26,164917
3919,042969	-26,212910
3962,109375	-26,260378
4005,175781	-26,307333
4048,242188	-26,353785
4091,308594	-26,399746
4134,375000	-26,445225
4177,441406	-26,490234
4220,507813	-26,534781
4263,574219	-26,578875
4306,640625	-26,622524
4349,707031	-26,665743
4392,773438	-26,708532
4435,839844	-26,750906
4478,906250	-26,792870
4521,972656	-26,834433
4565,039063	-26,875601
4608,105469	-26,916382
4651,171875	-26,956783
4694,238281	-26,996813
4737,304688	-27,036478
4780,371094	-27,075783
4823,437500	-27,114735
4866,503906	-27,153341
4909,570313	-27,191608
4952,636719	-27,229540
4995,703125	-27,267143
5038,769531	-27,304422
5081,835938	-27,341387
5124,902344	-27,378038
5167,968750	-27,414383
5211,035156	-27,450426
5254,101563	-27,486172
5297,167969	-27,521622
5340,234375	-27,556787
5383,300781	-27,591665
5426,367188	-27,626266
5469,433594	-27,660593
5512,500000	-27,694654
5555,566406	-27,728464
5598,632813	-27,762030
5641,699219	-27,795362
5684,765625	-27,828457
5727,832031	-27,861292
5770,898438	-27,893820
5813,964844	-27,925987
5857,031250	-27,957771
5900,097656	-27,989243
5943,164063	-28,020613
5986,230469	-28,052170
6029,296875	-28,084093
6072,363281	-28,116144
6115,429688	-28,147543
6158,496094	-28,177301
6201,562500	-28,205183
6244,628906	-28,232611
6287,695313	-28,262281
6330,761719	-28,295799
6373,828125	-28,330828
6416,894531	-28,361429
6459,960938	-28,383825
6503,027344	-28,403145
6546,093750	-28,431198
6589,160156	-28,472548
6632,226563	-28,513510
6675,292969	-28,534557
6718,359375	-28,539978
6761,425781	-28,561487
6804,492188	-28,614836
6847,558594	-28,664822
6890,625000	-28,669565
6933,691406	-28,658665
6976,757813	-28,700481
7019,824219	-28,779264
7062,890625	-28,798470
7105,957031	-28,759869
7149,023438	-28,789118
7192,089844	-28,894228
7235,156250	-28,913860
7278,222656	-28,846132
7321,289063	-28,893150
7364,355469	-29,024981
7407,421875	-28,996210
7450,488281	-28,916168
7493,554688	-29,042276
7536,621094	-29,146425
7579,687500	-29,016077
7622,753906	-29,034042
7665,820313	-29,238630
7708,886719	-29,155682
7751,953125	-29,052265
7795,019531	-29,288122
7838,085938	-29,291306
7881,152344	-29,097778
7924,218750	-29,330988
7967,285156	-29,405617
8010,351563	-29,151026
8053,417969	-29,392834
8096,484375	-29,495338
8139,550781	-29,197243
8182,617188	-29,489149
8225,683594	-29,551584
8268,750000	-29,239264
8311,816406	-29,627111
8354,882813	-29,552341
8397,949219	-29,307892
8441,015625	-29,787914
8484,082031	-29,481970
8527,148438	-29,462259
8570,214844	-29,891176
8613,281250	-29,386240
8656,347656	-29,743389
8699,414063	-29,811579
8742,480469	-29,414476
8785,546875	-30,041475
8828,613281	-29,561905
8871,679688	-29,728462
8914,746094	-30,029396
8957,812500	-29,461098
9000,878906	-30,176949
9043,945313	-29,650030
9087,011719	-29,854328
9130,078125	-30,114008
9173,144531	-29,551283
9216,210938	-30,363956
9259,277344	-29,608301
9302,343750	-30,172598
9345,410156	-29,986217
9388,476563	-29,811222
9431,542969	-30,406130
9474,609375	-29,611000
9517,675781	-30,569590
9560,742188	-29,689257
9603,808594	-30,411354
9646,875000	-29,991936
9689,941406	-30,104265
9733,007813	-30,378819
9776,074219	-29,841036
9819,140625	-30,695061
9862,207031	-29,716276
9905,273438	-30,842026
9948,339844	-29,740578
9991,406250	-30,814972
10034,472656	-29,881611
10077,539063	-30,675978
10120,605469	-30,092691
10163,671875	-30,498150
10206,738281	-30,329033
10249,804688	-30,332111
10292,871094	-30,556444
10335,937500	-30,201696
10379,003906	-30,754541
10422,070313	-30,112244
10465,136719	-30,915594
10508,203125	-30,059696
10551,269531	-31,040468
10594,335938	-30,037003
10637,402344	-31,133789
10680,468750	-30,037861
10723,535156	-31,199827
10766,601563	-30,058750
10809,667969	-31,239815
10852,734375	-30,099871
10895,800781	-31,250731
10938,867188	-30,165442
10981,933594	-31,225595
11025,000000	-30,263418
11068,066406	-31,155481
11111,132813	-30,404408
11154,199219	-31,033443
11197,265625	-30,599262
11240,332031	-30,859976
11283,398438	-30,854383
11326,464844	-30,648369
11369,531250	-31,163372
11412,597656	-30,427629
11455,664063	-31,494303
11498,730469	-30,241394
11541,796875	-31,776630
11584,863281	-30,143122
11627,929688	-31,904819
11670,996094	-30,188488
11714,062500	-31,785505
11757,128906	-30,423965
11800,195313	-31,416866
11843,261719	-30,865101
11886,328125	-30,918806
11929,394531	-31,452095
11972,460938	-30,474951
12015,527344	-31,984800
12058,593750	-30,258072
12101,660156	-32,139641
12144,726563	-30,391586
12187,792969	-31,748116
12230,859375	-30,916746
12273,925781	-31,053377
12316,992188	-31,700535
12360,058594	-30,484354
12403,125000	-32,288761
12446,191406	-30,361616
12489,257813	-32,117249
12532,324219	-30,824657
12575,390625	-31,309233
12618,457031	-31,738533
12661,523438	-30,576857
12704,589844	-32,445797
12747,656250	-30,457739
12790,722656	-32,118656
12833,789063	-31,120708
12876,855469	-31,122416
12919,921875	-32,202278
12962,988281	-30,495346
13006,054688	-32,548382
13049,121094	-30,796391
13092,187500	-31,628899
13135,253906	-31,918938
13178,320313	-30,668713
13221,386719	-32,704617
13264,453125	-30,698971
13307,519531	-31,938038
13350,585938	-31,815233
13393,652344	-30,795891
13436,718750	-32,793625
13479,785156	-30,729897
13522,851563	-32,025497
13565,917969	-31,931511
13608,984375	-30,807398
13652,050781	-32,888000
13695,117188	-30,871134
13738,183594	-31,886738
13781,250000	-32,267696
13824,316406	-30,735981
13867,382813	-32,896858
13910,449219	-31,198227
13953,515625	-31,526484
13996,582031	-32,756424
14039,648438	-30,726620
14082,714844	-32,613842
14125,781250	-31,827305
14168,847656	-31,057274
14211,914063	-33,110203
14254,980469	-31,037916
14298,046875	-31,926119
14341,113281	-32,709480
14384,179688	-30,802406
14427,246094	-32,818974
14470,312500	-31,910007
14513,378906	-31,122641
14556,445313	-33,237396
14599,511719	-31,238869
14642,578125	-31,801231
14685,644531	-33,057056
14728,710938	-30,917086
14771,777344	-32,557465
14814,843750	-32,525543
14857,910156	-30,954294
14900,976563	-33,133759
14944,042969	-31,940363
14987,109375	-31,262165
15030,175781	-33,400681
15073,242188	-31,474319
15116,308594	-31,719994
15159,375000	-33,382339
15202,441406	-31,182789
15245,507813	-32,213531
15288,574219	-33,186081
15331,640625	-31,053898
15374,707031	-32,659309
15417,773438	-32,921497
15460,839844	-31,047052
15503,906250	-33,014557
15546,972656	-32,664055
15590,039063	-31,115345
15633,105469	-33,272392
15676,171875	-32,453835
15719,238281	-31,216887
15762,304688	-33,447784
15805,371094	-32,306656
15848,437500	-31,319452
15891,503906	-33,562988
15934,570313	-32,225536
15977,636719	-31,401302
16020,703125	-33,637466
16063,769531	-32,208813
16106,835938	-31,450245
16149,902344	-33,682751
16192,968750	-32,254871
16236,035156	-31,462425
16279,101563	-33,700668
16322,167969	-32,364006
16365,234375	-31,441664
16408,300781	-33,683441
16451,367188	-32,537937
16494,433594	-31,399702
16537,500000	-33,615204
16580,566406	-32,777042
16623,632813	-31,356955
16666,699219	-33,475636
16709,765625	-33,075222
16752,832031	-31,342962
16795,898438	-33,246696
16838,964844	-33,412491
16882,031250	-31,395420
16925,097656	-32,922932
16968,164063	-33,746758
17011,230469	-31,556368
17054,296875	-32,523300
17097,363281	-34,008850
17140,429688	-31,863827
17183,496094	-32,099186
17226,562500	-34,108177
17269,628906	-32,336555
17312,695313	-31,732965
17355,761719	-33,958302
17398,828125	-32,949966
17441,894531	-31,525753
17484,960938	-33,526154
17528,027344	-33,606697
17571,093750	-31,576832
17614,160156	-32,882984
17657,226563	-34,121311
17700,292969	-31,954512
17743,359375	-32,207417
17786,425781	-34,260021
17829,492188	-32,651173
17872,558594	-31,726654
17915,625000	-33,876167
17958,691406	-33,520222
18001,757813	-31,643158
18044,824219	-33,080933
18087,890625	-34,229649
18130,957031	-32,071213
18174,023438	-32,233582
18217,089844	-34,347336
18260,156250	-32,956799
18303,222656	-31,737293
18346,289063	-33,700733
18389,355469	-33,973927
18432,421875	-31,871662
18475,488281	-32,676277
18518,554688	-34,497269
18561,621094	-32,682671
18604,687500	-31,908091
18647,753906	-34,014977
18690,820313	-33,848412
18733,886719	-31,868361
18776,953125	-32,885765
18820,019531	-34,577709
18863,085938	-32,682495
18906,152344	-31,988888
18949,218750	-34,082432
18992,285156	-33,962345
19035,351563	-31,964062
19078,417969	-32,831543
19121,484375	-34,670143
19164,550781	-32,934597
19207,617188	-31,966780
19250,683594	-33,898159
19293,750000	-34,304752
19336,816406	-32,193985
19379,882813	-32,552937
19422,949219	-34,651264
19466,015625	-33,462296
19509,082031	-31,962523
19552,148438	-33,417217
19595,214844	-34,728928
19638,281250	-32,692638
19681,347656	-32,194740
19724,414063	-34,250507
19767,480469	-34,249069
19810,546875	-32,246178
19853,613281	-32,927788
19896,679688	-36,829453
19939,746094	-43,313179
19982,812500	-51,285141
20025,878906	-59,751038
20068,945313	-67,912094
20112,011719	-75,232483
20155,078125	-81,493210
20198,144531	-86,737129
20241,210938	-91,131332
20284,277344	-94,857277
20327,343750	-98,065765
20370,410156	-100,870911
20413,476563	-103,357117
20456,542969	-105,586739
20499,609375	-107,605309
20542,675781	-109,450241
20585,742188	-111,147621
20628,808594	-112,718697
20671,875000	-114,181374
20714,941406	-115,549660
20758,007813	-116,835403
20801,074219	-118,046196
20844,140625	-119,190506
20887,207031	-120,274635
20930,273438	-121,303917
20973,339844	-122,284111
21016,406250	-123,220528
21059,472656	-124,116852
21102,539063	-124,968742
21145,605469	-125,789986
21188,671875	-126,576248
21231,738281	-127,320450
21274,804688	-128,043396
21317,871094	-128,728531
21360,937500	-129,390335
21404,003906	-130,023285
21447,070313	-130,615356
21490,136719	-131,171555
21533,203125	-131,727905
21576,269531	-132,230331
21619,335938	-132,709961
21662,402344	-133,130173
21705,468750	-133,542130
21748,535156	-133,908585
21791,601563	-134,221298
21834,667969	-134,498413
21877,734375	-134,727463
21920,800781	-134,902863
21963,867188	-135,016891
22006,933594	-135,066650
