Frecuencia (Hz)	Nivel (dB)
43,066406	-14,102654
86,132813	-20,248922
129,199219	-22,313202
172,265625	-23,713150
215,332031	-24,709948
258,398438	-25,371977
301,464844	-25,999926
344,531250	-26,766806
387,597656	-27,214237
430,664063	-27,779844
473,730469	-28,150608
516,796875	-28,840904
559,863281	-29,328123
602,929688	-29,336107
645,996094	-29,597588
689,062500	-30,170223
732,128906	-30,478350
775,195313	-30,704281
818,261719	-30,830912
861,328125	-30,915897
904,394531	-31,161713
947,460938	-31,372585
990,527344	-31,702917
1033,593750	-31,800430
1076,660156	-32,099808
1119,726563	-32,348629
1162,792969	-32,545254
1205,859375	-32,405800
1248,925781	-32,484608
1291,992188	-33,079048
1335,058594	-33,107723
1378,125000	-32,992306
1421,191406	-33,362244
1464,257813	-33,742058
1507,324219	-33,751472
1550,390625	-34,033504
1593,457031	-34,175613
1636,523438	-34,072765
1679,589844	-34,115242
1722,656250	-34,135170
1765,722656	-34,082279
1808,789063	-34,586639
1851,855469	-34,808662
1894,921875	-34,986855
1937,988281	-35,086578
1981,054688	-34,971912
2024,121094	-34,980560
2067,187500	-35,163765
2110,253906	-35,513939
2153,320313	-35,965027
2196,386719	-35,858326
2239,453125	-35,740921
2282,519531	-35,902298
2325,585938	-35,729431
2368,652344	-35,940140
2411,718750	-36,050941
2454,785156	-36,094151
2497,851563	-36,099308
2540,917969	-36,297009
2583,984375	-36,415867
2627,050781	-36,424980
2670,117188	-36,567570
2713,183594	-36,784298
2756,250000	-36,943565
2799,316406	-37,052547
2842,382813	-36,860386
2885,449219	-37,121613
2928,515625	-37,413242
2971,582031	-37,124035
3014,648438	-37,109230
3057,714844	-37,129383
3100,781250	-37,476517
3143,847656	-37,607460
3186,914063	-37,627296
3229,980469	-37,710342
3273,046875	-37,522717
3316,113281	-37,675373
3359,179688	-38,030045
3402,246094	-37,974453
3445,312500	-37,767689
3488,378906	-37,743942
3531,445313	-37,853893
3574,511719	-38,034184
3617,578125	-38,213024
3660,644531	-38,056305
3703,710938	-38,308456
3746,777344	-38,522202
3789,843750	-38,652199
3832,910156	-38,645981
3875,976563	-38,445171
3919,042969	-38,361893
3962,109375	-38,809238
4005,175781	-38,932690
4048,242188	-38,697071
4091,308594	-38,789207
4134,375000	-38,908905
4177,441406	-38,804565
4220,507813	-39,080471
4263,574219	-39,295036
4306,640625	-39,193310
4349,707031	-39,067970
4392,773438	-39,131226
4435,839844	-39,274563
4478,906250	-39,340569
4521,972656	-39,378716
4565,039063	-39,402836
4608,105469	-39,310925
4651,171875	-39,643791
4694,238281	-39,760899
4737,304688	-39,553421
4780,371094	-39,600723
4823,437500	-39,805714
4866,503906	-39,813831
4909,570313	-39,737141
4952,636719	-39,919991
4995,703125	-39,909748
5038,769531	-40,152443
5081,835938	-40,077465
5124,902344	-40,131027
5167,968750	-40,130516
5211,035156	-40,147560
5254,101563	-40,195896
5297,167969	-40,221638
5340,234375	-40,240028
5383,300781	-40,370216
5426,367188	-40,569138
5469,433594	-40,361423
5512,500000	-40,232182
5555,566406	-40,796333
5598,632813	-40,948845
5641,699219	-40,810020
5684,765625	-40,604347
5727,832031	-40,576939
5770,898438	-41,001442
5813,964844	-40,997528
5857,031250	-40,939625
5900,097656	-40,921326
5943,164063	-40,949448
5986,230469	-40,943554
6029,296875	-41,048683
6072,363281	-40,871132
6115,429688	-40,888073
6158,496094	-40,891090
6201,562500	-41,144154
6244,628906	-41,232178
6287,695313	-41,220524
6330,761719	-41,107895
6373,828125	-41,046024
6416,894531	-41,091145
6459,960938	-41,181961
6503,027344	-41,220722
6546,093750	-41,346359
6589,160156	-41,508232
6632,226563	-41,412498
6675,292969	-41,328060
6718,359375	-41,506695
6761,425781	-41,483974
6804,492188	-41,566196
6847,558594	-41,552650
6890,625000	-41,731831
6933,691406	-41,683079
6976,757813	-41,917408
7019,824219	-41,806713
7062,890625	-41,629745
7105,957031	-41,515175
7149,023438	-41,666080
7192,089844	-41,749859
7235,156250	-41,778809
7278,222656	-41,927078
7321,289063	-41,773766
7364,355469	-41,794983
7407,421875	-41,940971
7450,488281	-41,808601
7493,554688	-41,694572
7536,621094	-41,733711
7579,687500	-41,988396
7622,753906	-41,950462
7665,820313	-42,060253
7708,886719	-42,424805
7751,953125	-42,194073
7795,019531	-42,126606
7838,085938	-42,076214
7881,152344	-42,063946
7924,218750	-42,035938
7967,285156	-42,199795
8010,351563	-42,298615
8053,417969	-42,153008
8096,484375	-42,204102
8139,550781	-42,199116
8182,617188	-42,473804
8225,683594	-42,154144
8268,750000	-42,274227
8311,816406	-42,554955
8354,882813	-42,514473
8397,949219	-42,387768
8441,015625	-42,365173
8484,082031	-42,418224
8527,148438	-42,418518
8570,214844	-42,559834
8613,281250	-42,622574
8656,347656	-42,621983
8699,414063	-42,771404
8742,480469	-42,819859
8785,546875	-42,720230
8828,613281	-42,772530
8871,679688	-42,886658
8914,746094	-42,601330
8957,812500	-42,730770
9000,878906	-42,788055
9043,945313	-42,867928
9087,011719	-42,884121
9130,078125	-42,842190
9173,144531	-42,971947
9216,210938	-42,831219
9259,277344	-42,667450
9302,343750	-42,658329
9345,410156	-42,936260
9388,476563	-43,066711
9431,542969	-42,840267
9474,609375	-42,831566
9517,675781	-42,952869
9560,742188	-42,947926
9603,808594	-42,708672
9646,875000	-43,007462
9689,941406	-43,000683
9733,007813	-42,946503
9776,074219	-42,914543
9819,140625	-43,282959
9862,207031	-43,014351
9905,273438	-42,926342
9948,339844	-43,018349
9991,406250	-43,061996
10034,472656	-43,033825
10077,539063	-43,236668
10120,605469	-43,222649
10163,671875	-42,976627
10206,738281	-42,795673
10249,804688	-42,998821
10292,871094	-43,214272
10335,937500	-43,107510
10379,003906	-42,972412
10422,070313	-43,090450
10465,136719	-43,214550
10508,203125	-43,439465
10551,269531	-43,101379
10594,335938	-42,931725
10637,402344	-43,207722
10680,468750	-43,276699
10723,535156	-43,320675
10766,601563	-43,659454
10809,667969	-43,652935
10852,734375	-43,208485
10895,800781	-43,394531
10938,867188	-43,639305
10981,933594	-43,589153
11025,000000	-43,422256
11068,066406	-43,315914
11111,132813	-43,225399
11154,199219	-43,296638
11197,265625	-43,559269
11240,332031	-43,870934
11283,398438	-43,625477
11326,464844	-43,395382
11369,531250	-43,610821
11412,597656	-43,346645
11455,664063	-43,287758
11498,730469	-43,506588
11541,796875	-43,539837
11584,863281	-43,422729
11627,929688	-43,382996
11670,996094	-43,649471
11714,062500	-43,882778
11757,128906	-43,681538
11800,195313	-43,536190
11843,261719	-43,611317
11886,328125	-43,437252
11929,394531	-43,399654
11972,460938	-43,619183
12015,527344	-43,585163
12058,593750	-43,599094
12101,660156	-43,543713
12144,726563	-43,652683
12187,792969	-43,725655
12230,859375	-43,830345
12273,925781	-43,836349
12316,992188	-43,491180
12360,058594	-43,477734
12403,125000	-43,758568
12446,191406	-43,644775
12489,257813	-43,866016
12532,324219	-44,112614
12575,390625	-43,896610
12618,457031	-43,932907
12661,523438	-43,767784
12704,589844	-43,683712
12747,656250	-43,818623
12790,722656	-44,039204
12833,789063	-44,160454
12876,855469	-43,988712
12919,921875	-43,790554
12962,988281	-43,679806
13006,054688	-43,909527
13049,121094	-43,933117
13092,187500	-44,094803
13135,253906	-43,873718
13178,320313	-43,584721
13221,386719	-43,726196
13264,453125	-44,015781
13307,519531	-43,961521
13350,585938	-43,897732
13393,652344	-44,094444
13436,718750	-43,904739
13479,785156	-43,951923
13522,851563	-44,122066
13565,917969	-43,825779
13608,984375	-43,847229
13652,050781	-43,825302
13695,117188	-43,758392
13738,183594	-43,671280
13781,250000	-44,192230
13824,316406	-44,109951
13867,382813	-43,826801
13910,449219	-43,933029
13953,515625	-43,898796
13996,582031	-43,868256
14039,648438	-44,036488
14082,714844	-44,062489
14125,781250	-44,177719
14168,847656	-44,370525
14211,914063	-44,170715
14254,980469	-44,002213
14298,046875	-44,076767
14341,113281	-44,158512
14384,179688	-44,296524
14427,246094	-44,367168
14470,312500	-44,102612
14513,378906	-44,325706
14556,445313	-44,331085
14599,511719	-44,197178
14642,578125	-44,098442
14685,644531	-44,343594
14728,710938	-44,037064
14771,777344	-44,181820
14814,843750	-44,554642
14857,910156	-44,379429
14900,976563	-44,066654
14944,042969	-44,124638
14987,109375	-44,139732
15030,175781	-44,135857
15073,242188	-44,115139
15116,308594	-44,203743
15159,375000	-44,249924
15202,441406	-44,297443
15245,507813	-44,526546
15288,574219	-44,393963
15331,640625	-44,406948
15374,707031	-44,343960
15417,773438	-44,284763
15460,839844	-44,230545
15503,906250	-44,153316
15546,972656	-44,439571
15590,039063	-44,435497
15633,105469	-44,028015
15676,171875	-44,039673
15719,238281	-44,117107
15762,304688	-44,246868
15805,371094	-44,353596
15848,437500	-44,429672
15891,503906	-44,209808
15934,570313	-44,383011
15977,636719	-44,317188
16020,703125	-44,311657
16063,769531	-44,364311
16106,835938	-44,095013
16149,902344	-44,167809
16192,968750	-44,029972
16236,035156	-43,983513
16279,101563	-44,249031
16322,167969	-44,400131
16365,234375	-44,275383
16408,300781	-44,194099
16451,367188	-44,482395
16494,433594	-44,593826
16537,500000	-44,478195
16580,566406	-44,605938
16623,632813	-44,624325
16666,699219	-44,558296
16709,765625	-44,518703
16752,832031	-44,406719
16795,898438	-44,452438
16838,964844	-44,527264
16882,031250	-44,624294
16925,097656	-44,326752
16968,164063	-44,639118
17011,230469	-44,704952
17054,296875	-44,295422
17097,363281	-44,371059
17140,429688	-44,293076
17183,496094	-44,379353
17226,562500	-44,668842
17269,628906	-44,464111
17312,695313	-44,569031
17355,761719	-44,592678
17398,828125	-44,323036
17441,894531	-44,349133
17484,960938	-44,472492
17528,027344	-44,462948
17571,093750	-44,560143
17614,160156	-44,413082
17657,226563	-44,148716
17700,292969	-44,362282
17743,359375	-44,287918
17786,425781	-44,370651
17829,492188	-44,376602
17872,558594	-44,374973
17915,625000	-44,348152
17958,691406	-44,454208
18001,757813	-44,370667
18044,824219	-44,377167
18087,890625	-44,303356
18130,957031	-44,366104
18174,023438	-44,685829
18217,089844	-44,642315
18260,156250	-44,538151
18303,222656	-44,379574
18346,289063	-44,356190
18389,355469	-44,434208
18432,421875	-44,699219
18475,488281	-44,788002
18518,554688	-44,426037
18561,621094	-44,147869
18604,687500	-44,414097
18647,753906	-44,531319
18690,820313	-44,586697
18733,886719	-44,429951
18776,953125	-44,370464
18820,019531	-44,454945
18863,085938	-44,427402
18906,152344	-44,508701
18949,218750	-44,490891
18992,285156	-44,405800
19035,351563	-44,592945
19078,417969	-44,496964
19121,484375	-44,673782
19164,550781	-44,619579
19207,617188	-44,569702
19250,683594	-44,704014
19293,750000	-44,765633
19336,816406	-44,889977
19379,882813	-44,799145
19422,949219	-44,877666
19466,015625	-44,707451
19509,082031	-44,446068
19552,148438	-44,392529
19595,214844	-44,433094
19638,281250	-44,412842
19681,347656	-44,529430
19724,414063	-44,640858
19767,480469	-44,457413
19810,546875	-44,533596
19853,613281	-44,547302
19896,679688	-44,543644
19939,746094	-44,473858
19982,812500	-44,557259
20025,878906	-44,566502
20068,945313	-44,268646
20112,011719	-44,346607
20155,078125	-44,417805
20198,144531	-44,655613
20241,210938	-44,641327
20284,277344	-44,648277
20327,343750	-45,039261
20370,410156	-44,661339
20413,476563	-44,592403
20456,542969	-44,517059
20499,609375	-44,497650
20542,675781	-44,583469
20585,742188	-44,871964
20628,808594	-45,038742
20671,875000	-45,000820
20714,941406	-44,793926
20758,007813	-44,622978
20801,074219	-44,656948
20844,140625	-44,547123
20887,207031	-44,563869
20930,273438	-44,373802
20973,339844	-44,427765
21016,406250	-44,505756
21059,472656	-44,667549
21102,539063	-44,823250
21145,605469	-44,611664
21188,671875	-44,322575
21231,738281	-44,454056
21274,804688	-44,628956
21317,871094	-44,515633
21360,937500	-44,445061
21404,003906	-44,622578
21447,070313	-44,722786
21490,136719	-44,771450
21533,203125	-44,424324
21576,269531	-44,483398
21619,335938	-44,429047
21662,402344	-44,379333
21705,468750	-44,494408
21748,535156	-44,430603
21791,601563	-44,631908
21834,667969	-44,431950
21877,734375	-44,708759
21920,800781	-44,522541
21963,867188	-44,496685
22006,933594	-44,583710
